0, 864
648, 3000
1344, 2016
4224, 5712
312, 1032, 1320, 1920, 2544
4488, 3120, 2088, 984, 96
48, 1440, 3456
4920, 3744, 2496
984, 1200
4632, 6504
48, 696
8328, 7200
48, 624
7104, 7392
1776, 3792
288, 984
1608, 3480
1656, 1824
3504, 3480
360, 2088
3432, 5904, 7776, 9144
168, 1992, 3168, 4368
984, 1560, 2160, 2376, 3168, 3840, 4200, 5568
9264, 8160, 6792, 5352, 3552, 2760, 1632, 192
1032, 2760, 3936, 5160, 6120, 8064, 9024, 9696
9024, 8256, 7560, 6480, 5784, 5184, 4896, 4320
3096, 2952, 2448
5088, 7272, 9744
1992, 2328
8472, 9696
3864, 7944
3480, 9624
2952, 8424
6528, 4032
3648, 4224, 4512
5208, 6000, 6864
2568, 4224
6216, 7248
4440, 5304
7704, 8904
4920, 5688
7368, 8856
3696, 4728, 6072
8736, 9072, 9744
6288, 7176, 7752, 8856, 9648
1464, 1296, 1296, 1608, 1704
6768, 8184
264, 2832
5472, 6720, 7872, 9648
7152, 6960, 6960, 6792
6912, 7392, 7728
7560, 5880, 4368
5976, 6768, 7368, 8208
8880, 8064, 7176, 5304
5304, 6792, 7608
7728, 8832, 9672
8136, 8544, 9024, 9168, 9192
2808, 2232, 1368, 888, 96
7416, 9624
7680, 8952
8904, 9192, 9720
9672, 8736, 7752
9192, 9720
3864, 3120
9192, 9480
4944, 5448
8424, 9600
5760, 5760
2928, 3672
9000, 9672
