760, 616, 824, 632
136, 3848, 5656, 9672
9656, 1064
2392, 9672
4904, 8280, 9704
200, 2552, 5384
2936, 3480, 4104, 4968
88, 2296, 3480, 4472
6200, 6760
6760, 9688
5880, 4408, 3352
7144, 8328, 9736
3864, 552
5368, 5736
168, 2344
1272, 2792
1512, 3384
120, 2104
3064, 6024
312, 4744
9704, 4200
1176, 3272
7400, 7304
72, 1160
7624, 7672, 8232, 8216
3528, 6264, 7496, 8296
936, 3208, 9288
3864, 4232, 6936
56, 4024, 4152
4392, 5512, 5544
9144, 8360, 7432
9576, 9448, 9496
6424, 8552, 9112
7336, 7576, 7848
9592, 8520
8792, 6680
2344, 4216
8776, 9576
8056, 8456
104, 1752
9688, 9032
120, 1928
3496, 5128
1128, 232
2760, 1032
3496, 3976
4968, 5768
9768, 8728
9624, 9000
8424, 9656
3272, 5608
8264, 8264
5256, 4136
1928, 136
6904, 8072
9672, 8520
7288, 8120
824, 744
6760, 7848
8616, 7896
6952, 7352
9096, 8536
40, 424
7048, 7976
6968, 9112
7224, 5512
8400, 8664
72, 1128
1560, 1968
2592, 3528
8784, 9744
6240, 6192
1608, 2376
4944, 4080
1272, 2856
4248, 4584
1368, 1848
6192, 8472
5808, 6168
9768, 8688
0, 1944
8856, 5832
