448, 1888, 2624, 3360, 4320, 5120, 5824, 6496, 7264, 7680
32, 960, 1376, 1536, 1632, 1856, 2080, 2208, 2304, 2432
224, 3840, 4896, 6048, 7200, 7936, 8736, 9696
256, 3424, 4096, 4448, 5088, 6240, 7680, 8352
96, 2304, 3360, 4288, 5216, 5728
3296, 4256, 4544, 4640, 4928, 5120
0, 736, 1408, 1984
6944, 8256, 9120, 9760
1920, 1824
32, 672
128, 2272, 3392
2016, 704, 64
160, 992, 1920, 2880
3104, 2592, 2272, 1920
448, 1856, 3456, 5568
4320, 3392, 2560, 1536
128, 672, 1504
5632, 5024, 4128
480, 1632, 3072
6624, 5856, 5248
1472, 2368, 3552, 4512
7040, 5984, 5120, 4576
2496, 4480, 5760, 7328, 8800
6272, 7136, 7712, 8288, 8448
2848, 4640, 5760, 6624
6944, 8480, 9184, 9600
3392, 6720
8032, 6560
5216, 5888, 6784, 9504
9632, 8544, 7520, 4992
3264, 3360
224, 1376
3744, 4704
1248, 64
3552, 3616
3520, 4352
3904, 3264
6560, 5824
3552, 3616
8384, 9728
5440, 6720
64, 1312
5984, 6080, 6400, 6752, 7040, 7328, 7488, 7456, 7360
96, 1664, 3296, 4512, 5824, 7072, 8192, 9152, 9696
7104, 9696
32, 1408
6816, 7808, 8544, 9472
896, 960, 1120, 1504
6048, 6848, 7936
3584, 2688, 1600
4224, 5760
2720, 3968
5440, 6944
5344, 6784
5920, 6592
6400, 5440
7712, 9760
2592, 4096
7040, 7904
2816, 3456
6880, 7552, 8288
3968, 3840, 3488
7264, 8448, 8992, 9728
4800, 4352, 4032, 3008
8032, 8384, 8992, 9664
5952, 5344, 4896, 4576
8384, 9120, 9696
5728, 5952, 6272
8320, 9696
6272, 6848
8032, 9184
8128, 9632
5888, 7072
9056, 8544
8864, 9248
96, 704
4512, 5376
3072, 2368
2720, 2688
3296, 4128
8768, 9664
7360, 7072
