168, 768, 1296, 1776, 2088
1848, 1128, 696, 312, 120
216, 936, 1728, 2616, 2952
2160, 1728, 936, 192, 72
312, 936, 1344, 1608, 1992, 2304, 2712
72, 720, 1344, 1800, 2376, 2688, 2904
1296, 2712
456, 1440
1872, 2712
72, 624
2664, 2904, 3000
1128, 1800, 2664
2832, 3768
2928, 3888
96, 1560, 3336, 7584, 8568, 9672
3120, 3360, 3912, 5688, 6024, 6336
672, 1104
4464, 6000
168, 1632, 2808, 3936, 4248
4944, 5064, 5184, 5424, 5496
672, 1296, 1680, 2208
6216, 5808, 5496, 4896
2544, 4944
4632, 3336
72, 7800
7944, 4440
936, 1032
6720, 8616
72, 1752
8784, 8016
72, 1152
8664, 9576
72, 456, 840
9480, 9552, 9720
888, 1296, 1752, 1992
8952, 8976, 9072, 9240
2520, 3168
9648, 8976
1752, 2616
6768, 5664
2688, 3120, 3840
6384, 5568, 4872
2112, 2592, 3048
8280, 8184, 7944
3336, 4224, 4944, 5832, 6360, 7176
432, 408, 432, 624, 912, 1488
4152, 5256
672, 2112
3552, 4272, 5136
1464, 1848, 2856
4800, 6504
1896, 240
2376, 7200
3312, 2400
7080, 6312, 5928, 5832, 5688, 4992, 3672, 3336
48, 2184, 3456, 4200, 5280, 6816, 8304, 9720
7296, 8352, 9072, 9696
264, 2136, 2952, 3432
7488, 8088, 8616
1512, 3600, 4752
7584, 8160, 8712
3000, 2520, 1968
8472, 9744
936, 1896
7608, 8448, 8976
4968, 3672, 2712
5736, 9408
6432, 4512
7104, 7440, 7776, 8160
7344, 6600, 6120, 5736
5592, 6168, 6504, 6576, 6624
7200, 7680, 8400, 9192, 9744
4200, 6552
9336, 6504
7800, 8880
8640, 7296
8304, 9288
8712, 9720
9168, 9624
9744, 9144
5736, 5976, 5952
8592, 9216, 9768
