288, 264
24, 840
1080, 1872
1080, 48
96, 1248, 3312, 4968, 6000, 6960, 8232, 9048, 9648
1176, 1368, 816, 456, 456, 648, 744, 936, 768
168, 1104
1632, 3000
48, 792
2784, 3072
144, 1080, 1992, 2904
3768, 2976, 2328, 1296
984, 1104
3072, 9408
96, 4272, 5760
4800, 1560, 816
24, 2064
6984, 6312
24, 1752, 3432, 4680, 5424, 6648, 7944
7800, 7632, 7128, 5808, 5304, 4848, 4824
48, 864
9168, 9168
160, 2344
9664, 7864
1272, 2880, 4320, 5352
1728, 1776, 1944, 2088
1968, 3072, 4344
4248, 4104, 3480
1920, 2952
3744, 5592
1272, 3120
5520, 6624
1224, 6000
9168, 6840
3096, 3984
648, 48
2904, 7416
3600, 1944
4008, 3840
1032, 2712
3528, 3168
3624, 6480
3144, 2592
7368, 8424
4608, 5424, 6624, 7584, 8424, 9720
3144, 3024, 3288, 3480, 3480, 3216
5064, 6816
5160, 3936
5976, 7368
888, 2208
6384, 6360
1488, 3000
4344, 9552
6648, 8928
5448, 5040, 4752
6264, 7032, 8256
3696, 4368, 4896, 5496
7200, 8520, 9192, 9768
3192, 3576, 4056
9696, 9240, 8712
3864, 4584
9768, 8832
6888, 9624
72, 4320
8616, 7128, 6216
96, 6672, 9624
6768, 8160, 9312
6048, 5544, 5088
7776, 8280
5784, 9072
7080, 7416
8112, 9528
8328, 9648
9696, 7944
888, 1320
72, 1032
